119,119.1210,021.2851
118,118.9453,021.2851
118,118.7851,021.2851
118,118.6210,021.2851
118,118.4375,021.2851
118,118.2656,021.2851
118,118.1289,021.2851
117,117.1679,021.2851
116,116.1679,021.2851
115,115.0546,021.2851
114,113.8945,021.2851
112,112.6367,021.2851
111,111.4492,021.2851
110,110.1640,021.2851
108,108.7460,021.2851
107,107.1171,021.2851
105,105.6289,021.2851
104,104.1523,021.2851
102,102.4921,021.2851
101,101.2070,021.2851
100,099.9140,021.2851
098,098.6601,021.2851
097,097.5234,021.2890
096,096.3515,021.2851
095,095.3281,021.2890
094,093.9453,021.2851
092,092.8984,021.2851
092,091.9023,021.2851
090,090.6835,021.2851
089,089.7500,021.2851
089,088.9179,021.2851
088,087.9609,021.2851
087,086.9804,021.2851
085,085.8320,021.2851
085,084.8945,021.2851
083,083.5429,021.2851
082,082.8437,021.2851
082,082.0742,021.2851
081,081.3750,021.2890
080,080.4492,021.2851
079,079.7226,021.2851
079,079.0078,021.2851
078,078.2773,021.2851
077,077.6367,021.2851
076,076.8085,021.2851
076,076.0195,021.2851
075,075.4648,021.2851
074,074.9062,021.2851
074,074.4570,021.2851
073,073.7265,021.2890
073,073.0703,021.2851
072,072.2421,021.2890
071,071.5195,021.3125
071,071.0429,021.2851
070,070.4335,021.2968
070,069.9335,021.3125
069,069.4960,021.2890
069,069.0898,021.2851
068,068.7773,021.2851
068,068.4570,021.2851
068,068.1992,021.2851
068,067.9765,021.2851
067,067.3945,021.2851
067,066.9414,021.2890
066,066.6054,021.3203
066,066.0234,021.3359
065,065.4179,021.3203
065,064.9101,021.3593
064,064.3125,021.3984
063,063.8906,021.3437
063,063.6601,021.3671
063,063.3437,021.3359
063,063.0625,021.3125
062,062.6875,021.2968
062,062.4062,021.3281
062,062.0390,021.3125
061,061.8164,021.3046
061,061.6875,021.3203
061,061.5351,021.3046
061,061.4257,021.2968
061,061.2695,021.2890
061,061.1796,021.2968
060,060.9062,021.3046
060,060.7226,021.2968
060,060.4218,021.2968
060,060.1601,021.2890
059,059.8593,021.2851
059,059.6523,021.2890
059,059.1796,021.2851
058,058.8320,021.2890
058,058.6171,021.2851
058,058.5195,021.2851
058,058.1171,021.2851
057,057.9570,021.2851
057,057.6445,021.2851
057,057.4140,021.2851
057,057.1640,021.2890
057,057.0039,021.2851
056,056.7304,021.2851
056,056.5273,021.2851
056,056.3789,021.2851
056,056.2265,021.2851
055,055.9648,021.2851
055,055.8281,021.2851
055,055.4414,021.2968
055,055.2343,021.2890
054,054.9687,021.2851
054,054.6992,021.2968
054,054.3867,021.3046
054,054.1093,021.3437
053,053.8046,021.3125
053,053.5429,021.3515
053,053.3398,021.3593
053,053.2109,021.4296
053,053.0195,021.4960
052,052.8906,021.5898
052,052.7773,021.6406
052,052.5742,021.6875
052,052.3085,021.7421
052,052.1367,021.7421
051,051.8085,021.7578
051,051.4687,021.7734
051,051.1679,021.7578
052,051.0976,021.7734
053,050.9296,021.7734
054,050.7109,021.7734
055,050.3750,021.7734
056,050.2265,021.7734
057,050.1562,021.7734
058,050.1093,021.7734
048,048.7890,021.7734
048,048.6406,021.7734
048,048.5703,021.7734
049,048.4257,021.7734
046,046.4296,021.7734
046,046.2421,021.7734
046,046.2031,021.7734
046,046.0312,021.7734
045,045.9453,021.7734
045,045.7968,021.7734
043,043.4531,021.7734
043,043.4570,021.7734
044,043.4218,021.7734
045,043.3828,021.7734
046,043.3789,021.7734
047,043.3867,021.7734
048,043.3164,021.7734
049,043.2734,021.7734
050,043.1484,021.7734
051,043.0039,021.7734
052,042.9257,021.7656
053,042.6835,021.7734
054,042.4335,021.7734
055,042.3437,021.7734
056,042.2578,021.7734
057,042.1992,021.7734
058,042.1171,021.7734
059,042.0390,021.7734
060,041.8632,021.7734
061,041.7968,021.7734
000,041.4960,021.7656
041,041.4843,021.7734
041,041.3593,021.7656
041,041.3632,021.7656
041,041.3906,021.7656
041,041.4609,021.7734
041,041.4531,021.7656
041,041.4414,021.7734
041,041.4687,021.7734
041,041.4609,021.7734
041,041.4765,021.7734
041,041.4921,021.7734
041,041.4882,021.7656
041,041.4921,021.7734
041,041.4570,021.7734
041,041.2343,021.7734
041,041.1992,021.7656
041,041.2031,021.7734
041,041.2109,021.7734
041,041.1835,021.7734
041,041.1640,021.7656
041,041.1718,021.7656
041,041.1601,021.7734
041,041.0859,021.7734
041,041.0273,021.7734
041,041.0078,021.7734
040,126,098.8945,022.2617
127,100.6015,022.2617
128,102.0625,022.2617
129,103.6679,022.2617
130,105.1835,022.2617
131,106.6875,022.2617
132,108.1914,022.2617
133,109.7578,022.2617
134,111.0625,022.2617
135,112.3828,022.2617
136,113.6093,022.2617
137,115.1250,022.2617
138,116.2968,022.2617
139,117.4921,022.2617
140,118.9335,022.2656
141,120.0859,022.2734
142,121.1523,022.2734
143,122.5468,022.3203
144,123.8984,022.3125
145,125.1367,022.3515
146,126.5507,022.4335
147,127.9960,022.5859
148,129.2265,022.6171
149,130.5781,022.6796
150,131.7109,022.7031
150,132.8437,022.6953
150,133.6406,022.7500
150,134.4609,022.7343
150,135.5898,022.7500
150,136.6601,022.7343
150,137.5195,022.7500
150,138.5585,022.7500
150,139.3632,022.7500
150,140.2656,022.7500
150,141.0898,022.7500
150,141.9531,022.7500
150,142.9687,022.7500
150,143.8789,022.7500
150,144.6484,022.7500
150,145.5703,022.7500
150,146.2187,022.7500
150,147.2539,022.7500
150,148.0000,022.7500
150,148.7929,022.7500
150,149.4218,022.7500
150,149.9218,022.7500
150,151.3125,022.7500
150,151.8945,022.7500
150,152.3906,022.7500
150,153.1250,022.7343
150,153.7617,022.7500
150,154.1093,022.7500
150,154.6406,022.7500
150,155.1367,022.7421
150,155.6093,022.7500
150,156.0000,022.7500
150,156.3359,022.7500
150,156.6210,022.7500
150,156.9218,022.7500
150,157.0859,022.7500
150,157.2226,022.7500
150,157.3593,022.7500
150,157.5117,022.7500
150,157.4726,022.7500
150,157.5859,022.7500
150,157.6640,022.7500
150,157.6367,022.7421
150,157.7890,022.7500
150,157.8203,022.7500
150,157.8281,022.7500
150,157.7421,022.7500
150,157.6718,022.7500
150,157.6328,022.7500
150,157.5234,022.7500
150,157.4101,022.7500
150,157.1367,022.7500
150,156.9921,022.7500
150,156.8476,022.7500
150,156.7226,022.7500
150,156.5703,022.7500
150,156.3359,022.7500
150,156.1757,022.7500
150,156.0390,022.7500
150,155.9335,022.7500
150,155.7500,022.7500
150,155.5390,022.7421
150,155.3945,022.7500
150,155.2812,022.7500
150,155.0117,022.7500
150,154.7109,022.7500
150,154.5078,022.7500
150,154.2304,022.7500
150,153.8359,022.7500
150,153.5898,022.7500
150,153.3007,022.7500
150,152.9375,022.7500
150,152.7265,022.7500
150,152.3203,022.7500
150,151.9765,022.7421
150,151.7226,022.7500
150,151.3320,022.7500
150,150.9921,022.7500
150,150.7539,022.7500
150,150.4960,022.7500
150,150.2031,022.7500
150,149.8164,022.7500
150,149.5039,022.7500
150,149.0585,022.7500
150,148.7304,022.7500
150,148.4765,022.7500
150,148.1562,022.7500
150,147.7031,022.7500
150,147.3671,022.7500
150,147.0937,022.7500
150,146.7070,022.7500
150,146.3750,022.7500
150,145.9921,022.7500
150,145.6953,022.7500
150,145.4492,022.7500
150,145.1640,022.7500
150,144.9140,022.7500
000,142.2421,022.7500
142,142.0820,022.7500
141,141.8867,022.7500
141,141.6484,022.7500
141,141.3515,022.7500
141,141.0390,022.7500
140,140.9140,022.7500
140,140.7460,022.7500
140,140.4960,022.7500
140,140.3203,022.7500
140,140.2226,022.7500
140,140.0000,022.7500
139,139.8007,022.7500
139,139.5546,022.7500
139,139.3671,022.7500
139,139.1601,022.7500
138,138.9531,022.7500
138,138.7968,022.7500
138,138.5859,022.7500
138,138.4023,022.7500
138,138.1367,022.7500
137,137.9023,022.7500
137,137.6523,022.7500
137,137.4726,022.7500
137,137.2031,022.7500
137,136.9296,022.7500
136,136.7421,022.7500
136,136.5664,022.7500
136,136.2656,022.7500
136,135.9726,022.7500
135,135.7031,022.7500
135,135.4765,022.7500
135,135.2226,022.7500
135,134.9296,022.7500
134,134.6484,022.7500
134,134.3750,022.7500
134,134.1875,022.7500

145,145.4687,022.7500
145,145.1367,022.7500
144,144.9492,022.7500
144,144.6835,022.7500
144,144.4140,022.7500
144,144.2031,022.7500
144,144.0000,022.7500
143,143.7773,022.7500
143,143.5039,022.7500
143,143.2617,022.7500
143,143.0976,022.7500
142,142.8242,022.7500
142,142.6289,022.7500
142,142.3984,022.7500
142,142.1953,022.7500
141,141.8867,022.7500
141,141.6523,022.7500
142,141.3281,022.7500
143,141.1171,022.7500
144,140.9218,022.7500
145,140.6914,022.7500
146,140.3906,022.7500
147,140.1835,022.7500
148,139.9296,022.7500
149,139.6835,022.7500
150,139.4648,022.7500
150,139.2382,022.7500
150,139.0703,022.7500
150,138.8867,022.7500
150,138.7421,022.7500
150,138.5625,022.7500
150,138.4257,022.7500
150,138.3085,022.7500
150,138.1601,022.7500
150,138.0781,022.7500
150,137.9453,022.7500
150,137.7968,022.7500
150,137.7304,022.7500
150,137.6718,022.7500
150,137.6406,022.7500
150,137.6289,022.7500
150,137.6015,022.7500
150,137.6015,022.7500
150,137.6289,022.7500
150,137.6210,022.7500
150,137.6523,022.7500
150,137.6757,022.7500
150,137.7421,022.7500
150,137.7968,022.7500
150,137.8671,022.7500
150,137.9765,022.7500
150,138.0703,022.7500
150,138.2031,022.7500
150,138.3671,022.7500
150,138.4843,022.7500
150,138.6328,022.7500
150,138.7304,022.7500
150,138.8554,022.7500
150,139.0078,022.7500
150,139.2148,022.7500
150,139.3593,022.7500
150,139.5390,022.7500
150,139.7500,022.7500
150,139.9062,022.7500
150,140.1406,022.7500
150,140.3320,022.7500
150,140.5429,022.7500
150,140.8515,022.7500
150,141.0898,022.7500
150,141.3085,022.7500
150,141.6250,022.7500
150,141.9453,022.7500
150,142.3007,022.7500
150,142.5664,022.7500
150,142.9101,022.7500
150,143.1835,022.7500
150,143.4414,022.7500
150,143.7070,022.7500
150,143.9296,022.7500
150,144.2031,022.7500
150,144.5273,022.7500
150,144.8281,022.7500
150,145.0039,022.7500
150,145.3632,022.7500
150,145.7148,022.7500
150,145.9882,022.7500
150,146.3046,022.7500
150,146.6093,022.7500
150,146.9375,022.7500
150,147.1601,022.7500
150,147.4140,022.7500
150,147.6914,022.7539
150,147.9648,022.7500
150,148.2187,022.7500
150,148.4765,022.7500
150,148.6601,022.7500
150,148.9023,022.7500
150,149.1367,022.7500
150,149.4335,022.7500
150,149.6640,022.7500
150,149.9179,022.7539
150,150.4414,022.7500
150,150.6093,022.7500
150,150.9062,022.7500
150,151.0820,022.7500
150,151.2578,022.7500
150,151.4062,022.7500
150,151.6054,022.7500
150,151.8085,022.7500
150,151.9296,022.7500
150,152.0703,022.7500
150,152.1757,022.7500
150,152.3164,022.7500
150,152.4492,022.7500
150,152.5273,022.7500
150,152.6093,022.7500
150,152.6914,022.7500
150,152.7421,022.7500
150,152.7929,022.7500
150,152.8750,022.7500
150,152.9140,022.7500
150,152.9453,022.7500
150,153.0078,022.7500
150,153.0117,022.7500
150,153.0625,022.7500
150,153.0703,022.7500
150,153.0781,022.7500
150,153.0859,022.7500
150,153.0898,022.7500
150,153.0742,022.7421
150,153.0820,022.7500
150,153.0000,022.7421
150,152.9062,022.7343
150,152.8242,022.7500
150,152.7421,022.7421
150,152.6093,022.7343
150,152.5078,022.7343
150,152.3320,022.7343
150,152.2851,022.7343
150,152.0507,022.7031
150,151.9648,022.7187
150,151.8515,022.7187
150,151.7187,022.7187
150,151.5312,022.6875
150,151.2304,022.5664
150,151.0781,022.5507
150,150.8242,022.4218
150,150.6015,022.3437
150,150.4921,022.3515
150,150.3593,022.4062
150,150.1406,022.3671
150,149.9570,022.4140
150,150.1250,022.7265
150,149.8828,022.7421
150,149.7031,022.7343
150,149.4414,022.6953
150,149.2421,022.7187
150,148.9804,022.7343
150,148.8046,022.7265
150,148.6679,022.7500
150,148.4765,022.7421
150,148.3281,022.7500
150,148.1445,022.7343
150,147.9765,022.7421
150,147.7851,022.7265
150,147.5664,022.7500
150,147.3750,022.7421
150,147.1523,022.7500
150,147.0078,022.7500
150,146.8125,022.7500
150,146.5859,022.7500
150,146.3867,022.7500
150,146.2578,022.7500
150,146.1132,022.7500
150,145.9648,022.7500
150,145.8710,022.7421
150,145.7812,022.7500
150,145.6992,022.7500
150,145.5625,022.7500
150,145.4687,022.7500
150,145.3671,022.7500
150,145.2773,022.7500
150,145.2148,022.7500
150,145.1914,022.7500
150,145.1757,022.7500
150,145.1289,022.7500
150,145.1054,022.7500
150,145.1054,022.7500
150,145.1250,022.7500
150,145.1054,022.7500
150,145.1640,022.7500
150,145.1171,022.7500
150,145.1445,022.7500
150,145.2148,022.7500
150,145.1679,022.7500
150,145.2148,022.7500
150,145.4140,022.7500
150,145.4609,022.7500
150,145.5195,022.7500
150,145.5625,022.7500
150,145.6015,022.7421
150,145.7109,022.7500
150,145.7734,022.7500
150,145.8593,022.7500
150,145.9218,022.7500
150,146.0078,022.7500
150,146.1914,022.7500
150,146.2539,022.7500
150,146.3671,022.7500
150,146.4921,022.7421
152,146.8281,022.7421
154,146.9570,022.7265
156,147.0937,022.7187
158,147.2187,022.7109
160,147.2812,022.6250
162,147.4531,022.6328
164,147.6406,022.6171
166,147.7734,022.5351
168,147.9648,022.5429
170,148.0976,022.5195
172,148.2500,022.4960
174,148.5117,022.5195
176,148.6718,022.4570
178,148.9726,022.4492
180,149.2968,022.4960
182,149.6601,022.5664
184,149.9414,022.5273
186,150.3164,022.5273
188,150.7539,022.5664
190,151.1640,022.5585
192,151.6757,022.5507
194,152.1328,022.4882
196,152.7226,022.5117
198,153.2382,022.4726
200,153.9648,022.5585
202,154.6796,022.5859
204,155.3242,022.5820
206,156.0742,022.5937
208,156.7734,022.6093
210,157.5937,022.6796
212,158.3515,022.7031
214,159.2890,022.7343
216,160.1835,022.7187
218,161.2265,022.7421
218,162.0468,022.7187
218,162.9375,022.7031
218,163.9218,022.7421
218,164.9843,022.7421
218,165.9843,022.7265
218,167.0273,022.7031
218,168.0468,022.7265
218,169.2382,022.7265
218,170.2148,022.7421
218,171.3437,022.7421
218,172.3671,022.7421
218,173.5117,022.7343
218,174.5976,022.7421
218,175.7031,022.7500
218,176.9023,022.7500
218,178.2304,022.7500
218,179.3164,022.7500
218,180.5195,022.7500
218,181.7421,022.7500
218,182.8906,022.7500
218,184.0859,022.7421
218,185.4570,022.7500
218,186.6445,022.7500
218,187.9453,022.7500
218,189.0937,022.7500
218,190.3476,022.7500
218,191.6015,022.7500
218,192.7539,022.7500
218,194.0781,022.7500
218,195.2226,022.7500
218,196.4023,022.7500
218,197.5000,022.7500
218,198.7031,022.7500
218,199.9648,022.7500
218,201.1914,022.7500
218,202.2265,022.7500
218,203.3906,022.7500
218,204.3515,022.7500
218,205.4140,022.7500
218,206.4765,022.7500
218,207.5351,022.7500
218,208.4257,022.7500
218,209.5000,022.7500
218,210.3750,022.7500
218,211.3164,022.7500
218,212.0898,022.7500
218,212.7539,022.7500
218,213.5390,022.7421
218,214.3945,022.7500
218,214.9960,022.7500
218,215.7265,022.7421
218,216.3046,022.7500
218,216.8984,022.7421
250,217.4531,022.7500
250,218.0195,022.7500
250,218.5742,022.7500
250,219.2734,022.7500
250,219.8671,022.7500
250,220.5625,022.7421
250,221.2031,022.7421
250,221.9375,022.7343
250,222.6054,022.7500
250,223.3750,022.7500
250,224.1601,022.7500
250,224.8867,022.7343
250,225.7382,022.7500
250,226.5234,022.7500
250,227.2421,022.7500
250,228.0039,022.7343
250,228.8281,022.6640
250,229.5820,022.6562
250,230.3867,022.6406
250,231.0234,022.4492
250,231.6679,022.4414
250,232.4335,022.4492
250,233.1718,022.4140
250,233.7421,022.3984
250,234.4921,022.3906
250,235.0781,022.3515
250,235.6718,022.2656
250,236.4062,022.3046
250,237.0312,022.3281
250,237.8007,022.3437
250,238.4765,022.3515
250,239.0156,022.3515
250,239.6640,022.3515
250,240.3437,022.3359
250,240.8085,022.2734
250,241.4843,022.2812
250,241.9453,022.2734
250,242.5156,022.2656
250,242.9023,022.2617
060,244.4335,022.2617
060,244.8007,022.2617
060,245.1484,022.2617
060,245.2421,022.2617
060,243.7851,022.2617
060,240.9609,022.2617
060,236.8945,022.2617
060,233.2343,022.2617
060,229.5703,022.2617
060,226.1992,022.2617
060,223.0156,022.2617
060,219.7968,022.2812
060,215.7851,022.2890
060,212.5195,022.2656
060,209.4414,022.3281
060,206.2460,022.4218
060,203.8320,022.4414
060,200.7695,022.4882
060,198.2226,022.5117
060,196.2695,022.5039
060,193.4023,022.5585
060,191.1835,022.5664
060,189.1289,022.6562
060,187.0625,022.5937
060,184.9687,022.6484
060,182.8593,022.6562
060,180.5195,022.6250
060,178.9570,022.5664
060,176.7343,022.6484
060,174.6210,022.6328
060,172.7968,022.6328
060,171.0390,022.6171
060,169.2070,022.5664
060,167.1992,022.5117
060,165.8828,022.5039
060,163.8046,022.4804
060,162.068,051.1718,021.7734
069,051.2226,021.7734
070,051.3632,021.7734
071,051.6367,021.7734
072,051.9375,021.7734
073,052.3085,021.7734
074,052.6250,021.7734
075,053.0742,021.7734
076,053.4843,021.7734
077,053.9296,021.7734
078,054.2929,021.7734
079,054.8164,021.7734
080,055.2343,021.7734
081,055.7734,021.7734
082,056.2851,021.7734
083,056.8710,021.7734
084,057.3671,021.7734
085,057.8750,021.7734
086,058.4531,021.7734
087,059.0507,021.7734
088,059.6250,021.7734
089,060.2968,021.7734
000,087.6601,021.7734
087,087.7695,021.7734
087,087.8437,021.7734
088,088.0351,021.7734
088,088.1250,021.7734
088,088.2539,021.7734
088,088.3671,021.7734
088,088.4023,021.7734
088,088.4960,021.7734
088,088.6132,021.7734
088,088.7187,021.7734
088,088.8007,021.7734
088,088.8007,021.7734
088,088.8554,021.7734
088,088.9804,021.7734
089,089.0195,021.7734
089,089.0312,021.7734
089,089.0937,021.7734
089,089.1484,021.7734
089,089.1445,021.7734
089,089.1328,021.7734
089,089.1523,021.7734
089,089.1718,021.7734
089,089.2031,021.7734
089,089.2421,021.7734
089,089.2656,021.7734
089,089.2578,021.7734
090,089.2539,021.7734
091,089.2500,021.7734
092,089.2500,021.7734
093,089.2773,021.7734
094,089.2500,021.7734
095,089.1796,021.7734
096,089.1718,021.7734
097,089.1484,021.7734
098,089.1250,021.7734
099,089.0820,021.7734
100,089.0703,021.7734
101,089.0234,021.7734
102,089.0000,021.7734
103,088.9492,021.7734
104,088.9218,021.7734
105,088.9218,021.7734
106,088.8554,021.7734
107,088.8593,021.7734
108,088.9257,021.7734
109,089.0000,021.7734
110,089.0234,021.7734
111,089.0898,021.7734
112,089.1328,021.7734
113,089.1718,021.7734
114,089.2500,021.7734
115,089.3320,021.7734
116,089.4296,021.7734
117,089.6132,021.7734
118,089.8125,021.7734
119,090.0000,021.7734
120,090.2343,021.7734
121,090.5195,021.7734
122,090.7382,021.7734
123,090.9960,021.7734
124,091.3046,021.7734
125,091.6289,021.7734
126,091.9296,021.7734
127,092.3632,021.7734
128,092.8359,021.7734
129,093.2109,021.7734
130,093.6953,021.7734
131,094.1484,021.7734
132,094.7148,021.7734
133,095.2929,021.7734
134,095.8515,021.7734
135,096.5156,021.7734
136,097.2734,021.7734
137,097.9843,021.7734
138,098.7460,021.7734
139,099.6718,021.7734
140,100.4492,021.7734
141,101.3164,021.7734
142,102.1171,021.7734
143,103.0039,021.7773
150,138.3085,021.7734
150,136.3203,021.7734
150,133.6484,021.7734
150,131.2851,021.7734
150,128.9140,021.7734
150,126.4023,021.7734
150,124.2031,021.7734
150,120.9843,021.7734
150,117.8437,021.7656
150,116.5039,021.7656
150,113.4453,021.7734
150,110.7421,021.7734
150,107.9218,021.7734
150,106.7890,021.7734
150,103.3789,021.7734
150,100.9492,021.7734
150,012.7070,012.7070
150,093.1835,021.7734
150,088.0820,021.7734
150,083.9335,021.7734
150,080.2031,021.7734
150,076.6718,021.7734
150,073.6406,021.7734
150,070.9609,021.7734
150,069.4609,021.7734
150,067.9296,021.7773
150,065.6484,021.7734
150,064.2343,021.7734
150,062.6210,021.7851
150,061.2968,021.7734
150,058.4218,021.7734
150,055.9179,021.7734
150,053.6914,021.7773
150,052.0429,021.7734
150,046.2304,021.7734
150,038.7773,021.7734
150,035.3320,021.7734
150,033.7890,021.7734
150,033.3320,021.7734
150,032.0742,021.7734
150,032.6679,021.7734
150,032.1406,021.7734
150,031.8320,021.7734
150,031.6953,021.7734
150,031.1523,021.7734
150,031.1757,021.7734
150,031.1289,021.7734
150,031.1875,021.7734
150,030.5156,021.7734
150,030.5000,021.7734
150,030.3164,021.7734
150,030.0234,021.7734
150,030.0000,021.7734
150,029.8398,021.7734
150,029.9414,021.7734
150,030.0390,021.7734
150,030.0781,021.7734
150,030.0312,021.7734
150,030.0195,021.7734
150,030.1679,021.7734
150,030.2343,021.7734
150,030.1679,021.7734
150,030.2890,021.7734
031,029.9531,021.7734
032,029.6054,021.7734
033,029.3437,021.7734
034,029.0859,021.7734
035,028.7773,021.7734
036,028.4179,021.7734
037,028.0117,021.7734
038,028.2148,021.7734
039,027.9687,021.7734
040,027.7382,021.7734
041,027.3554,021.7734
042,027.0078,021.7734
043,026.6914,021.7734
044,026.3867,021.7734
045,026.1054,021.7734
046,025.9804,021.7734
047,025.4882,021.7734
048,025.1523,021.7734
049,024.8671,021.7734
050,024.5468,021.7734
051,024.3242,021.7734
052,024.0117,021.7734
000,024.9492,022.4062
025,025.4609,022.3437
025,025.7812,022.3750
025,025.7343,022.3203
025,025.2421,022.2890
025,025.0156,022.2812
024,024.7070,022.2734
024,024.4843,022.2812
024,024.2265,022.2617
024,024.1757,022.2617
023,023.6054,022.2617
023,023.5351,022.2617
023,023.5898,022.2617
023,023.0195,022.2617
022,023.0664,022.2617
023,022.8554,022.2617
022,022.8945,022.2617
022,022.8632,022.2617
023,023.7265,022.2617
023,023.9218,022.2617
025,025.1054,022.2539
026,026.3789,022.2382
026,026.2500,022.2617
025,025.9296,022.2539
025,025.8203,022.2539
025,025.6406,022.2382
026,025.4335,022.2539
027,025.1054,022.1992
028,025.0195,022.2070
029,024.8671,022.1835
030,024.6914,022.2304
031,024.4101,022.1679
032,024.3320,022.0703
033,023.9296,021.9843
034,024.3281,021.8945
035,025.5312,021.8632
036,027.0937,021.8242
037,027.7617,021.8242
038,028.9335,021.8007
039,030.2578,021.7773
040,032.5429,021.7734
041,034.1835,021.7734
042,035.2734,021.7734
043,035.9179,021.7734
044,036.2031,021.7734
045,037.0625,021.7734
046,037.7460,021.7734
047,038.2148,021.7734
048,038.8476,021.7734
049,039.4375,021.7734
050,040.0195,021.7734
051,040.5664,021.7734
052,041.1523,021.7734
053,041.7031,021.7734
054,042.2929,021.7734
055,042.8281,021.7734
056,043.3828,021.7734
057,043.9453,021.7734
058,044.4960,021.7734
059,045.0859,021.7734
060,045.6484,021.7734
061,046.2226,021.7734
062,046.7851,021.7734
063,047.3632,021.7734
064,047.8906,021.7734
065,048.4101,021.7734
066,048.4843,021.7734
067,049.0312,021.7734
068,049.5468,021.7734
069,050.1093,021.7734
070,050.6367,021.7734
071,051.2187,021.7734
072,051.7578,021.7734
073,052.2890,021.7734
074,052.8828,021.7734
075,053.4531,021.7734
076,054.0429,021.7734
077,054.6601,021.7734
078,055.2734,021.7734
079,055.8476,021.7734
080,056.4531,021.7734
081,057.0195,021.7734
082,057.6953,021.7734
083,058.2851,021.7773
084,059.0234,021.7773
085,059.5703,021.7773
086,060.2851,021.7773
087,060.9453,021.7734
088,061.6835,021.7851
089,062.4179,021.8085
090,063.1718,021.8007
091,063.8671,021.8242
092,064.6718,021.8554
093,065.4453,021.8710
094,066.3085,021.9375
095,067.0117,021.9023
096,067.7343,021.9023
097,068.5546,021.9179
000,073.1523,021.9531
073,073.6523,021.9843
074,074.2187,021.9687
074,074.8476,021.9257
075,075.3203,021.8710
075,075.9843,021.9531
076,076.4765,021.9101
076,077.1210,021.9609
077,077.6523,021.9843
078,078.2539,022.0156
078,078.6132,021.9101
078,078.9531,021.8242
079,079.3398,021.7851
079,079.7304,021.7734
080,080.1054,021.7773
080,080.4296,021.7929
080,080.7734,021.8085
080,080.9531,021.7851
081,081.1875,021.7773
081,081.4257,021.7773
081,081.6406,021.7851
081,081.8789,021.7851
082,082.0937,021.7851
082,082.3164,021.7773
082,082.4960,021.7734
082,082.7460,021.7734
082,082.9765,021.7773
083,083.1445,021.7734
083,083.3281,021.7734
083,083.4921,021.7734
083,083.5625,021.7734
083,083.7890,021.7734
083,083.9335,021.7734
084,084.0625,021.7734
084,084.1054,021.7734
084,084.3007,021.7734
084,084.4140,021.7734
084,084.5390,021.7734
084,084.5703,021.7734
084,084.7226,021.7734
084,084.7500,021.7734
084,084.8281,021.7734
084,084.8750,021.7734
084,084.9531,021.7734
084,084.9257,021.7734
084,084.9687,021.7734
084,084.9023,021.7734
084,084.9648,021.7734
084,084.8750,021.7734
084,084.9140,021.7734
084,084.9492,021.7734
084,084.8515,021.7734
084,084.9375,021.7773
085,085.0039,021.7773
000,084.9492,021.7734
084,084.9687,021.7734
084,084.9765,021.7734
084,084.9179,021.7734
084,084.9414,021.7734
084,084.8359,021.7734
084,084.7695,021.7734
084,084.7460,021.7734
084,084.6757,021.7734
084,084.5820,021.7734
084,084.5195,021.7734
084,084.5312,021.7734
084,084.5000,021.7734
084,084.4882,021.7734
084,084.4062,021.7734
084,084.3242,021.7734
084,084.2656,021.7734
084,084.1835,021.7734
084,084.1171,021.7734
083,084.0195,021.7734
083,083.9570,021.7734
083,083.8203,021.7734
083,083.7578,021.7734
083,083.6289,021.7734
083,083.6015,021.7734
083,083.5000,021.7734
083,083.5117,021.7734
083,083.4492,021.7734
083,083.3671,021.7734
083,083.2421,021.7734
083,083.1718,021.7734
083,083.1367,021.7734
083,083.0898,021.7734
082,082.9492,021.7734
082,082.8828,021.7734
082,082.7617,021.7734
082,082.6328,021.7734
082,082.6132,021.7734
082,082.4726,021.7734
082,082.4882,021.7734
083,082.3437,021.7734
084,082.2617,021.7734
085,082.2148,021.7734
086,082.1250,021.7734
087,082.0468,021.7734
088,081.8906,021.7734
089,081.8085,021.7734
053,053.8320,021.7031
053,053.8046,021.7500
053,053.7773,021.7343
053,053.4843,021.7343
053,053.4960,021.7421
053,053.3867,021.7578
053,053.2187,021.7500
054,052.8710,021.7656
000,052.4023,021.6562
052,052.2656,021.6328
052,052.1953,021.6328
052,052.1328,021.7031
052,052.2617,021.6796
052,052.0742,021.6328
052,052.0312,021.6328
051,051.9570,021.7109
051,051.7109,021.7343
051,051.6640,021.6640
051,051.6718,021.6718
051,051.5429,021.6406
051,051.6328,021.6718
051,051.6523,021.6406
051,051.4921,021.5429
051,051.4804,021.5507
051,051.2656,021.5117
051,050.8281,021.4726
050,050.7304,021.4453
049,050.3515,021.4296
050,049.4687,021.4492
050,050.2421,021.5117
047,050.2421,021.5351
034,033.1250,021.2460
035,033.1484,021.2851
036,033.2031,021.2773
037,033.2382,021.2851
038,033.1992,021.2851
039,033.1171,021.2851
040,033.1601,021.2851
041,033.1406,021.2851
042,033.1562,021.2773
043,033.1406,021.2773
044,033.0937,021.2851
045,033.0937,021.2851
046,033.0703,021.2851
047,033.0546,021.2851
048,033.0507,021.2851
049,033.0312,021.2851
050,033.0351,021.2695
051,033.0468,021.2773
052,033.0390,021.2851
053,033.0468,021.2851
054,033.0546,021.2851
055,033.0078,021.2617
056,033.0585,021.2773
057,033.0585,021.2773
058,033.0781,021.2851
059,033.0546,021.2695
060,033.1132,021.2851
061,033.1445,021.2851
062,033.1953,021.2851
063,033.2460,021.2773
064,033.2929,021.2851
065,033.3437,021.2851
066,033.4414,021.2851
067,033.5507,021.2851
068,033.6406,021.2851
069,033.8320,021.2851
070,033.9453,021.2851
071,034.1171,021.2851
072,034.2773,021.2851
073,034.4804,021.2851
074,034.7539,021.2851
075,034.9609,021.2695
076,035.2500,021.2773
077,035.5117,021.2851
078,035.8125,021.2851
079,036.1640,021.2851
080,036.5507,021.2851
081,036.8750,021.2851
082,037.3281,021.2851
083,037.7500,021.2851
084,038.2109,021.2773
085,038.6953,021.2851
086,039.2343,021.2851
087,039.8007,021.2851
088,040.4140,021.2851
089,041.0156,021.2851
090,041.6445,021.2773
091,042.3281,021.2851
092,043.0820,021.2773
093,043.8242,021.2695
094,044.6289,021.2851
095,045.4570,021.2695
096,046.4140,021.2851
097,047.2539,021.2460
098,048.1445,021.2148
099,049.0703,021.1289
100,050.0585,021.1289
101,051.1171,021.1015
102,052.0625,021.0390
103,053.2851,021.1093
104,054.3085,021.0703
105,055.4453,021.0156
106,056.5507,020.9609
107,057.7968,020.9257
108,058.9492,020.8945
109,060.2226,020.8789
110,061.4687,020.8398
111,062.8632,020.8242
112,064.1250,020.8007
113,065.5546,020.8007
114,066.9296,020.8085
115,068.4296,020.8007
116,069.8710,020.7968
117,071.3984,020.8007
118,072.8828,020.7968
119,074.3437,020.7968
120,075.8554,020.7968
121,077.6054,020.7968
122,079.1015,020.8007
123,080.6914,020.7968
124,082.2929,020.7968
125,083.9101,020.7968
126,085.4609,020.7968
127,087.2265,020.7968
128,088.7617,020.7968
129,090.5312,020.7968
130,092.1250,020.7968
131,093.9218,020.7968
132,095.5351,020.7968
133,097.2265,020.7968
134,098.8632,020.7968
135,100.7382,020.7968
136,102.4257,020.7968
137,104.1835,020.7968
138,105.8632,020.7968
139,107.6992,020.7968
140,109.4335,020.7968
141,111.0976,020.7968
142,112.6562,020.7968
143,114.3945,020.7968
144,115.9726,020.7968
145,117.6445,020.7968
146,119.2031,020.7968
147,120.9453,020.7968
148,122.5156,020.7968
149,124.1210,020.7968
150,125.6093,020.7968
151,127.2773,020.7968
152,128.7421,020.7968
153,130.2578,020.7968
154,131.8320,020.7968
155,133.3789,020.7968
155,134.7890,020.7968
155,136.3554,020.7968
155,137.8437,020.7968
155,139.3398,020.7968
155,140.7187,020.7968
155,142.1445,020.7968
155,143.3632,020.7968
155,144.7773,020.7968
155,146.0078,020.7968
155,147.2187,020.7968
155,148.4882,020.7968
155,149.6679,020.7968
155,151.0117,020.7968
155,152.0234,020.7968
155,153.2070,020.7968
155,154.2812,020.7968
155,156.3828,020.7968
155,157.3750,020.7968
155,158.4531,020.7968
155,159.3281,020.7968
155,160.3359,020.7968
155,161.1328,020.7968
155,162.0664,020.7968
155,162.8515,020.7968
155,163.6015,020.7968
155,164.2890,020.7968
155,165.0664,020.7968
155,165.6328,020.7734
155,166.4648,020.7968
155,166.9882,020.7968
155,167.7148,020.7812
155,168.1875,020.7968
155,168.7187,020.7968
155,169.1171,020.7968
155,169.6406,020.7968
155,170.0156,020.7968
155,170.3632,020.7968
155,170.6757,020.7968
155,171.0742,020.7968
155,171.4218,020.7890
155,171.7187,020.7968
155,172.0234,020.7968
155,172.2226,020.7968
155,172.4062,020.7968
155,172.5859,020.7968
155,172.8007,020.7968
155,172.8867,020.7968
155,173.1210,020.7968
155,173.2773,020.7968
155,173.4570,020.7968
155,173.6054,020.7968
155,173.6171,020.7968
155,173.6875,020.7968
155,173.6914,020.7968
155,173.7031,020.7968
155,173.7382,020.7968
155,173.7304,020.7968
155,173.7382,020.7968
155,173.6992,020.7968
155,173.6679,020.7890
155,173.5429,020.7968
155,173.4765,020.7968
155,173.3046,020.7968
155,173.2890,020.7890
155,173.1289,020.7968
155,172.9648,020.7968
155,172.8242,020.7890
155,172.6640,020.7968
155,172.5078,020.7968
155,172.3359,020.7968
155,172.1210,020.7968
155,171.9375,020.7968
155,171.7382,020.7968
155,171.4296,020.7890
155,171.2812,020.7968
155,171.0898,020.7968
155,170.8476,020.7890
155,170.5625,020.7968
155,170.4023,020.7968
155,170.1406,020.7968
155,169.9140,020.7890
155,169.6406,020.7968
155,169.3242,020.7968
155,169.0390,020.7812
155,168.8164,020.7890
155,168.4531,020.7968
155,168.1601,020.7968
155,167.9531,020.7968
155,167.5859,020.7968
155,167.2656,020.7968
155,166.9726,020.7968
155,166.6679,020.7968
155,166.4062,020.7968
155,166.0312,020.7968
155,165.7031,020.7968
155,165.3945,020.7968
155,165.1328,020.7968
155,164.6953,020.7968
155,164.3437,020.7968
155,164.0195,020.7968
155,163.6484,020.7968
155,163.3242,020.7968
155,163.0820,020.7968
155,162.7578,020.7968
155,162.4179,020.7968
155,162.1093,020.7968
155,161.8398,020.7968
155,161.4023,020.7968
155,161.0859,020.7968
155,160.8593,020.7968
155,160.5195,020.7968
155,160.1484,020.7890
155,159.8398,020.7968
155,159.5507,020.7968
155,159.2968,020.7968
155,158.8984,020.7968
155,158.5859,020.7968
155,158.2578,020.7968
155,157.9804,020.7890
155,157.6757,020.7968
155,157.3710,020.7968
155,157.0546,020.7890
155,156.6523,020.7968
155,156.3906,020.7812
155,156.0312,020.7734
157,155.5664,020.7968
159,155.2734,020.7968
161,155.0000,020.7968
163,154.6992,020.7968
165,154.3593,020.7968
167,154.0468,020.7968
169,153.7890,020.7968
171,153.4414,020.7968
173,153.2343,020.7968
175,152.9882,020.7968
177,152.6718,020.7968
179,152.5429,020.7968
181,152.3632,020.7968
183,152.1406,020.7968
185,151.8750,020.7968
187,151.7382,020.7968
189,151.6445,020.7968
191,151.5351,020.7968
193,151.5234,020.7968
195,151.6015,020.7968
197,151.5820,020.7968
199,151.6953,020.7968
201,151.8046,020.7968
203,152.0000,020.7968
205,152.2148,020.7812
207,152.3750,020.7968
209,152.6132,020.7968
211,152.9375,020.7968
213,153.2226,020.7968
215,153.5078,020.7968
217,153.8242,020.7968
219,154.1835,020.7968
221,154.6914,020.7968
223,155.1328,020.7890
223,155.7187,020.7968
223,156.2265,020.7890
223,156.8906,020.7968
223,157.4648,020.7968
223,158.1796,020.7968
223,158.7539,020.7968
223,159.4570,020.7578
223,160.3203,020.7968
223,161.0468,020.7734
223,161.8789,020.7968
223,162.6992,020.7578
223,163.5585,020.7968
223,164.3828,020.7343
223,165.3320,020.7656
223,166.2929,020.7343
223,167.2343,020.7343
223,168.1953,020.6875
223,169.1796,020.6875
223,170.2812,020.6640
223,171.2773,020.6210
223,172.3203,020.6054
223,173.4101,020.6406
223,174.5078,020.5664
223,175.7500,020.6484
223,176.8750,020.6132
223,177.8437,020.5664
223,179.2109,020.5976
223,180.3593,020.6328
223,181.7226,020.6484
223,182.8632,020.6210
223,184.2031,020.6640
223,185.3750,020.6796
223,186.6250,020.5820
223,187.8710,020.5820
223,189.0898,020.4609
223,190.3789,020.5039
223,191.7226,020.4726
223,193.1679,020.4726
223,194.5742,020.4375
223,195.8281,020.3750
223,197.0937,020.3281
223,198.4375,020.3203
223,199.7343,020.3085
223,201.0078,020.3085
223,202.5195,020.3125
223,203.8242,020.3125
223,205.1171,020.3085
223,206.3085,020.3085
223,207.5703,020.3085
223,208.8125,020.3085
223,210.0507,020.3085
223,211.2070,020.3085
223,212.3906,020.3085
223,213.5546,020.3085
223,214.6562,020.3085
223,215.7617,020.3085
223,216.8281,020.3085
223,217.9101,020.3085
223,219.0273,020.3085
223,219.9609,020.3085
223,220.8671,020.3085
223,221.8906,020.3085
250,222.7695,020.3085
250,223.7460,020.3085
250,224.5507,020.3085
250,225.4921,020.3085
250,226.4726,020.3085
250,227.4179,020.3085
250,228.2578,020.3085
250,229.2929,020.3085
250,230.1640,020.3085
250,231.1171,020.3085
250,231.8593,020.3085
250,232.8789,020.3085
250,233.7421,020.3085
250,234.6289,020.3085
250,235.4218,020.3085
250,236.3867,020.3085
250,237.2031,020.3085
250,238.0664,020.3085
250,238.7851,020.3085
250,239.6992,020.3085
250,240.4257,020.3085
250,241.1406,020.3085
250,241.9296,020.3085
250,242.6523,020.3085
250,243.4140,020.3085
250,244.0898,020.3085
250,244.7343,020.3085
250,245.5156,020.3085
250,246.0625,020.3085
250,246.8242,020.3085
250,247.3007,020.3085
250,248.0156,020.3085
250,248.4609,020.3085
250,249.1289,020.3085
250,249.5234,020.3085
250,250.0742,020.3085
250,250.4492,020.3085
250,250.9218,020.3085
250,251.4648,020.3085
060,252.7617,020.3085
060,252.8945,020.3085
060,253.1210,020.3085
060,252.8007,020.3085
060,250.3242,020.3007
060,245.8281,020.3085
060,241.3007,020.2851
060,237.7148,020.3085
060,233.5117,020.3007
060,229.4882,020.3085
060,224.6992,020.3085
060,221.0546,020.3085
060,217.6093,020.3085
060,215.5312,020.3007
060,213.0156,020.3085
060,209.7148,020.3085
060,206.0429,020.3085
060,203.4804,020.3085
060,201.8867,020.3085
060,199.7968,020.3085
060,197.5820,020.3085
060,195.3750,020.3085
060,193.0703,020.3085
060,190.7890,020.3085
060,188.4414,020.3085
060,185.6796,020.3085
060,183.3437,020.3085
060,181.1679,020.3085
060,178.1484,020.3085
060,176.6132,020.3085
060,174.5859,020.3085
060,172.9804,020.3085
060,171.0625,020.3085
060,169.3750,020.3085
060,167.9843,020.3085
060,166.7851,020.3085
060,164.4804,020.3085
060,162.4062,020.3085
060,160.1796,020.3085
060,159.1289,020.3085
060,157.8398,020.3085
060,156.6132,020.3085
060,154.5625,020.3085
060,153.5000,020.3085
060,152.3085,020.3085
060,151.9179,020.3085
060,149.5429,020.3085
060,148.1210,020.3085
060,147.2031,020.3085
060,145.9062,020.3085
060,145.5195,020.3085
060,144.0625,020.3085
060,143.5000,020.3085
060,142.6953,020.3085
060,141.2617,020.3085
060,140.6718,020.3085
060,140.0976,020.3085
060,139.0859,020.3085
060,138.2812,020.3085
060,137.0117,020.3085
060,136.2890,020.3085
060,135.1875,020.3085
060,133.7773,020.3085
060,132.6757,020.3085
060,131.0937,020.3085
060,129.7500,020.3085
060,128.5976,020.3085
060,127.3515,020.3085
060,126.0898,020.3085
060,124.8242,020.3085
060,123.6054,020.3085
060,122.1250,020.3085
060,121.0859,020.3085
060,120.2187,020.3085
060,119.6484,020.3085
060,118.7148,020.3085
060,117.5859,020.3085
060,117.0234,020.3085
060,116.1835,020.3085
060,115.7187,020.3085
060,114.7578,020.3085
060,113.3554,020.3085
060,112.7773,020.3085
060,111.7265,020.3085
060,110.6914,020.3085
060,109.0664,020.3085
060,107.8906,020.3085
060,106.6601,020.3085
060,105.7500,020.3085
060,104.5625,020.3085
060,104.4609,020.3085
060,103.7656,020.3085
060,102.8203,020.3085
060,102.0781,020.3085
060,101.8046,020.3085
060,101.1992,020.3085
060,100.6796,020.3125
060,100.2265,020.3085
060,099.6093,020.3085
060,098.6718,020.3085
060,098.2578,020.3085
060,097.8984,020.3085
060,097.5312,020.3085
060,097.0664,020.3085
060,097.0507,020.3085
060,096.4609,020.3085
060,095.5585,020.3085
060,095.0156,020.3085
060,094.1367,020.3085
060,093.4179,020.3085
060,093.2539,020.3085
060,092.6015,020.3085
060,092.2578,020.3085
060,091.5976,020.3085
060,090.6718,020.3085
060,089.9140,020.3085
060,089.3906,020.3085
060,089.3867,020.3125
060,089.4023,020.3125
060,088.9843,020.3203
060,088.7539,020.3359
060,088.2421,020.3125
060,087.8359,020.3125
060,087.1250,020.3203
060,086.3867,020.3125
060,085.9648,020.3125
060,085.7578,020.3203
060,085.2304,020.3125
060,084.7460,020.3085
060,084.5546,020.3125
060,084.5546,020.3125
060,084.1367,020.3085
060,083.7421,020.3085
060,083.7539,020.3125
060,083.8671,020.3085
060,083.8945,020.3203
060,083.5781,020.3125
060,083.0078,020.3085
060,082.6015,020.3125
060,082.5234,020.3125
060,082.5000,020.3125
060,082.7421,020.3125
060,082.8945,020.3085
060,082.8007,020.3085
060,082.2500,020.3085
060,082.1640,020.3085
060,081.6054,020.3125
060,080.8007,020.3203
060,080.1484,020.3125
060,079.7656,020.3281
060,079.5429,020.3515
060,079.0273,020.3437
060,078.2343,020.3281
060,078.2617,020.3359
060,078.2343,020.3359
060,077.8554,020.3359
060,077.7500,020.3437
060,077.7421,020.3203
060,077.7734,020.3203
060,077.8750,020.3125
060,077.8828,020.3593
060,077.6289,020.3281
060,076.7695,020.3281
060,076.6250,020.3593
060,076.5820,020.3203
060,076.2734,020.3281
060,076.1484,020.3281
060,075.8867,020.3281
060,075.6796,020.3281
060,075.4062,020.3281
060,075.3007,020.3203
060,075.1132,020.3203
060,074.7773,020.3437
060,074.6210,020.3671
060,073.8750,020.3593
060,073.4375,020.3359
060,072.7734,020.3437
060,072.4687,020.3281
060,072.3906,020.3359
060,072.3242,020.3515
060,072.1679,020.3281
060,072.1132,020.3281
060,072.0546,020.3203
060,071.7968,020.3203
060,071.5312,020.3125
060,071.5664,020.3437
060,071.1679,020.3203
060,071.1796,020.3085
060,070.9101,020.3085
060,070.9375,020.3203
060,070.8359,020.3359
060,070.7070,020.3203
060,070.6250,020.3281
060,070.3867,020.3125
060,070.1132,020.3359
060,070.0585,020.3125
060,069.7656,020.3437
060,069.7031,020.3281
060,069.5429,020.3085
060,069.2695,020.3281
060,069.1171,020.3281
060,068.8750,020.3203
060,068.5820,020.3085
060,067.9765,020.3593
060,067.4296,020.3750
060,066.9531,020.3906
060,066.6132,020.3671
060,066.1445,020.3750
060,065.4179,020.3671
060,064.8828,020.3437
060,064.7304,020.3593
060,064.3789,020.3515
060,064.1171,020.3281
060,063.7539,020.3671
060,063.0859,020.3593
060,062.6718,020.3515
060,062.5468,020.3750
060,062.2343,020.3593
060,062.1132,020.3281
060,062.2773,020.3828
060,062.2773,020.3750
060,062.3828,020.3750
060,062.4023,020.3515
060,062.5000,020.3281
060,062.3750,020.3906
060,062.2031,020.3437
060,061.9687,020.3906
060,061.7031,020.3359
060,061.1328,020.3281
060,060.6796,020.3281
060,060.5898,020.3593
060,060.2070,020.3437
060,057.7265,020.4687
060,057.4921,020.5195
060,057.3437,020.6132
060,057.1562,020.6210
060,057.0820,020.6875
060,056.9804,020.7187
060,056.6250,020.7343
060,056.6484,020.7656
060,056.4062,020.7421
060,056.2421,020.7500
060,056.2304,020.7734
060,055.9765,020.7812
060,055.8398,020.7890
060,055.7226,020.7890
060,055.6875,020.7890
060,055.8320,020.7734
060,055.7929,020.7734
060,055.6601,020.7968
060,055.2187,020.7968
060,055.0937,020.7890
060,054.8359,020.7890
060,054.3984,020.7968
060,053.9882,020.7734
060,053.7226,020.7890
060,053.5468,020.7890
000,051.8007,020.7968
051,051.8242,020.7968
052,051.6718,020.7968
053,051.5078,020.7968
000,029.2656,021.2851
029,029.4140,021.2851
029,029.5312,021.2851
029,029.6796,021.2851
029,029.8242,021.2851
030,030.0468,021.2851
030,030.1250,021.2851
030,030.3515,021.2851
030,030.5390,021.2851
030,030.6875,021.2851
030,030.8125,021.2851
030,030.9726,021.2851
031,031.1718,021.2851
031,031.2500,021.2851
031,031.4570,021.2851
037,037.1523,021.2851
037,037.2578,021.2851
037,037.3476,021.2851
037,037.4335,021.2851
037,037.4960,021.2851
037,037.6054,021.2851
037,037.7070,021.2851
037,037.7773,021.2851
037,037.8515,021.2851
037,037.9414,021.2851
038,038.0273,021.2851
038,038.0703,021.2851
038,038.1484,021.2851
038,038.2851,021.2851
038,038.3476,021.2851
039,038.3984,021.2851
040,038.4648,021.2851
041,038.5625,021.2851
042,038.6445,021.2851
043,038.6640,021.2851
044,038.7460,021.2851
045,038.8164,021.2851
046,038.8867,021.2851
047,038.9257,021.2851
048,038.9765,021.2851
049,039.0351,021.2851
050,039.1250,021.2851
051,039.2343,021.2851
052,039.2578,021.2851
053,039.3554,021.2851
054,039.4335,021.2851
055,039.5429,021.2851
056,039.5820,021.2851
057,039.6953,021.2851
058,039.8046,021.2851
059,039.8671,021.2851
060,039.9570,021.2851
061,040.0703,021.2851
062,040.1289,021.2851
063,040.2460,021.2851
064,040.3906,021.2851
065,040.4453,021.2851
066,040.5429,021.2851
067,040.7109,021.2851
068,040.7890,021.2773
069,040.9335,021.2773
070,041.0156,021.2617
071,041.2070,021.2773
072,041.3203,021.2773
073,041.4687,021.2773
074,041.6601,021.2695
075,041.8867,021.2773
076,042.0859,021.2773
077,042.2617,021.2695
078,042.4960,021.2773
079,042.7500,021.2851
080,043.0625,021.2773
081,043.3203,021.2617
082,043.6445,021.2460
083,043.9804,021.2617
084,044.3671,021.2539
085,044.7812,021.2617
086,045.1093,021.2070
087,045.4570,021.1601
088,046.0039,021.2148
089,046.5156,021.2070
090,047.0039,021.1914
091,047.4726,021.1445
092,048.0898,021.1679
093,048.6875,021.1757
094,049.3906,021.1757
095,050.0000,021.1601
096,050.7812,021.2304
097,051.4296,021.1679
098,052.3007,021.1992
099,053.1015,021.2070
100,053.9453,021.1757
101,054.7421,021.1210
102,055.6562,021.0937
103,056.5625,021.0546
104,057.5234,020.9414
105,058.5078,020.9414
106,059.6210,020.9257
107,060.6523,020.9023
108,061.8789,020.8710
109,062.9648,020.8242
110,064.1679,020.8320
111,065.3710,020.8242
112,066.7109,020.8242
113,067.9140,020.8398
114,069.2500,020.8554
115,070.5234,020.8164
116,071.9492,020.8476
117,073.2421,020.8164
118,074.6679,020.8085
119,076.0507,020.8320
120,077.5703,020.8007
121,078.9140,020.7968
122,080.4609,020.7968
123,081.9687,020.8007
124,083.5468,020.7968
125,085.0585,020.8007
126,086.6406,020.7968
127,088.1875,020.7968
128,089.6171,020.7968
129,091.2656,020.8007
130,092.7695,020.7968
131,094.4101,020.7968
132,096.0664,020.7968
133,097.5976,020.7968
134,099.1328,020.7968
135,100.8945,020.7968
136,102.4375,020.7968
137,104.0781,020.7968
138,105.7031,020.7968
139,107.4023,020.7968
140,108.9570,020.7968
140,110.6875,020.7968
140,112.1796,020.7968
140,113.9453,020.7968
140,115.5625,020.7968
140,117.1992,020.7968
140,118.7343,020.7968
140,120.3554,020.7968
140,121.9335,020.7968
140,123.4960,020.7968
140,125.0273,020.7968
140,126.4882,020.7968
140,127.9101,020.7968
140,129.4687,020.7968
140,130.7460,020.7968
140,132.1562,020.7968
140,133.4648,020.7968
140,134.8281,020.7968
140,136.0781,020.8007
140,137.3945,020.7968
140,138.5625,020.8007
140,139.9062,020.8320
140,142.1523,020.7968
140,143.2148,020.7968
140,144.4218,020.7968
140,145.4492,020.7968
140,146.4570,020.7968
140,147.4726,020.7968
140,148.4335,020.7968
140,149.2578,020.8007
140,150.1093,020.8007
140,151.0507,020.8085
140,151.8242,020.7968
140,152.5390,020.7968
140,153.3593,020.7968
140,154.0039,020.8007
140,154.6875,020.7968
140,155.3906,020.8007
140,155.9804,020.7968
140,156.5976,020.8007
140,157.2734,020.7968
140,157.7734,020.8007
140,158.3554,020.8085
140,158.8828,020.8085
140,159.4726,020.8320
140,159.8671,020.8007
140,160.3320,020.8007
140,160.7031,020.8164
140,160.9921,020.8007
140,161.3984,020.8085
140,161.8515,020.8242
140,162.1640,020.7968
140,162.5312,020.7968
140,162.8085,020.8242
140,163.1406,020.8710
140,163.4101,020.9335
140,163.5859,020.8945
140,163.7734,020.9414
140,163.9140,021.0000
140,164.1718,021.0859
140,164.2656,021.0703
140,164.3984,021.1015
140,164.3398,021.0703
140,164.3750,021.1015
140,164.3671,021.1171
140,164.3945,021.0781
140,164.5039,021.1367
140,164.4921,021.1679
140,164.6328,021.2539
140,164.6132,021.2226
140,164.6367,021.2460
140,164.6289,021.2460
140,164.5742,021.2226
140,164.4570,021.2070
140,164.3906,021.2226
140,164.3789,021.2460
140,164.3007,021.2695
140,164.2578,021.2617
140,164.2070,021.2773
140,164.0703,021.2695
140,164.0468,021.2617
140,163.9414,021.2617
140,163.8398,021.2539
140,163.7304,021.2382
140,163.6210,021.2851
140,163.4960,021.2773
140,163.3476,021.2851
140,163.0976,021.2617
140,162.8867,021.2773
140,162.7421,021.2539
140,162.5351,021.2617
140,162.3437,021.2773
140,162.1640,021.2851
140,161.9062,021.2851
140,161.6835,021.2773
140,161.4687,021.2773
140,161.3398,021.2773
140,161.1171,021.2773
140,160.8945,021.2773
140,160.7109,021.2773
140,160.5195,021.2695
140,160.2187,021.2539
140,160.0273,021.2539
140,159.8984,021.2460
140,159.7421,021.1914
140,159.4687,021.1914
140,159.2734,021.1679
140,159.0273,021.0937
140,158.8789,021.1210
140,158.5781,021.1093
140,158.3398,021.0312
140,158.0351,020.9179
140,157.6875,020.9335
140,157.5234,020.9687
140,157.2812,020.8476
140,157.0312,020.8789
140,156.8046,020.9257
140,156.5742,020.9023
140,156.3671,020.8554
140,156.0703,020.8242
140,155.8671,020.8242
140,155.6171,020.8007
140,155.4843,020.7968
140,155.0703,020.7968
140,154.8554,020.7968
140,154.6757,020.7968
140,154.4648,020.7968
140,154.0546,020.7968
140,153.7851,020.8007
140,153.5156,020.7968
140,153.2578,020.7968
142,152.6914,020.7968
144,152.4296,020.8007
146,152.1679,020.7968
148,151.8828,020.7968
150,151.6523,020.7968
152,151.5273,020.7968
154,151.3164,020.7968
156,151.0664,020.7968
158,150.8906,020.7968
160,150.6875,020.7968
162,150.3750,020.7968
164,150.1953,020.7968
166,150.0156,020.7968
168,149.9062,020.7968
170,149.6992,020.7968
172,149.5468,020.7968
174,149.4179,020.7968
176,149.2343,020.7968
178,149.0781,020.7968
180,148.9765,020.7968
182,148.8632,020.7968
184,148.8281,020.7968
186,148.7265,020.7968
188,148.6914,020.7968
190,148.6796,020.7968
192,148.7187,020.7968
194,148.7109,020.7968
196,148.7773,020.7968
196,148.8632,020.7968
196,149.0468,020.7968
196,149.2343,020.7968
196,149.4375,020.7968
196,149.7500,020.7968
196,150.0234,020.7890
196,150.3867,020.7968
196,150.8320,020.7968
196,151.2265,020.7968
196,151.6523,020.7968
196,152.1328,020.7968
196,152.6367,020.7968
196,153.2343,020.7968
196,153.7773,020.7968
196,154.3750,020.7968
196,154.9687,020.7968
196,155.6523,020.7968
196,156.2890,020.7968
196,156.9921,020.7968
196,157.8320,020.7968
196,158.4531,020.7968
196,159.2421,020.7500
196,159.9687,020.7812
196,160.8320,020.7968
196,161.6953,020.7734
196,162.6093,020.7968
196,163.3906,020.7968
196,164.2812,020.7734
196,165.3085,020.7968
196,166.1757,020.7968
196,167.2460,020.7968
196,168.1640,020.7968
196,169.2421,020.7968
196,170.2304,020.7968
196,171.3320,020.7968
196,172.3828,020.7968
196,173.5039,020.7968
196,174.4648,020.7968
196,175.5429,020.7968
196,176.6093,020.7812
196,177.7304,020.7968
196,178.6445,020.7968
196,179.8085,020.7968
196,180.8398,020.7890
196,181.9375,020.7968
196,182.9531,020.7968
196,184.0664,020.7968
196,184.9726,020.7890
196,186.1250,020.7968
196,187.0820,020.7968
196,188.1210,020.7890
196,189.1367,020.7578
196,190.1250,020.7500
196,191.1015,020.7343
196,191.9414,020.6132
196,192.8710,020.6718
196,193.7500,020.6289
196,194.6562,020.5976
196,195.5820,020.7031
196,196.3789,020.7343
225,197.2539,020.6796
225,198.1562,020.7734
225,198.8867,020.7734
225,199.7070,020.7812
225,200.5195,020.7343
225,201.3007,020.7968
225,202.1875,020.7968
225,203.0312,020.7812
225,203.7890,020.7500
225,204.7578,020.7890
225,205.5429,020.7812
225,206.2539,020.7656
225,207.2031,020.7890
225,208.0742,020.7890
225,208.8320,020.7812
225,209.6484,020.7421
225,210.5585,020.7421
225,211.4453,020.7265
225,212.2304,020.6875
225,213.0625,020.7109
225,213.9414,020.6875
225,214.6875,020.6718
225,215.4921,020.7265
225,216.3398,020.7421
225,217.0585,020.7187
225,217.8867,020.7578
225,218.7968,020.7500
225,219.6054,020.7734
225,220.3242,020.7968
225,221.0781,020.7968
225,221.6914,020.7968
225,222.3750,020.7968
225,223.0937,020.7968
225,223.7773,020.7968
225,224.3906,020.7968
225,225.0390,020.7968
225,225.4179,020.7968
225,225.9296,020.7812
225,226.4765,020.7968
060,228.1679,020.7968
060,228.5351,020.7968
060,228.6523,020.7968
060,227.8867,020.7968
060,224.9921,020.7968
060,220.7226,020.7968
060,216.1757,020.7968
060,213.0117,020.7968
060,208.9218,020.7968
060,205.9726,020.7968
060,201.4023,020.7968
060,197.6132,020.7968
060,194.2890,020.7968
060,190.5742,020.7968
060,187.6210,020.8007
060,185.0507,020.7968
060,182.3242,020.7968
060,178.5781,020.7968
060,175.7539,020.7968
060,173.6171,020.7968
060,171.7421,020.7968
060,169.7578,020.8085
060,168.0546,020.8242
060,166.3085,020.8867
060,164.1523,020.9414
060,161.0000,020.9335
060,158.7070,020.9765
060,157.5585,021.0625
060,155.9726,021.1914
060,153.9179,021.2304
060,152.3515,021.1914
060,151.1289,021.1914
060,148.9765,021.2148
060,147.2656,021.1992
060,145.9179,021.1914
060,144.1210,021.1210
060,143.3359,021.1289
060,141.8281,020.9921
060,140.6015,021.0937
060,139.1171,021.0312
060,137.9492,021.0781
060,136.4687,021.0312
060,134.6171,021.0312
060,133.6210,020.9921
060,132.5312,020.9609
060,131.0625,020.9179
060,129.9921,020.8632
060,128.8398,020.8710
060,128.2773,020.9257
060,127.3789,020.9570
060,126.2812,020.9492
060,125.3984,020.9570
060,124.4296,021.0078
060,123.1171,020.9414
060,121.9531,021.0468
060,121.0546,020.9414
060,120.8945,020.9687
060,120.5351,020.9257
060,119.8671,020.8789
060,119.0234,020.8320
060,118.0820,020.8476
060,117.5429,020.8789
060,116.3789,020.8007
060,115.8164,020.8164
060,114.7304,020.8085
060,114.4335,020.8164
060,113.8398,020.8398
060,113.6601,020.8085
060,112.9804,020.8398
060,111.8710,020.9023
060,110.3437,020.9023
060,109.7460,020.9492
060,108.7617,020.9179
060,108.5546,020.9492
060,108.1015,020.9687
060,107.5546,020.9570
060,106.7734,020.9687
060,106.4296,021.0390
060,105.8710,021.1093
060,105.0156,021.1601
060,104.5390,021.0625
060,104.0429,020.9570
060,104.0351,020.9179
060,103.6289,021.0625
060,103.2539,020.9101
060,103.0820,020.9570
060,101.9218,020.9921
060,100.8007,020.9609
060,099.7343,020.9101
060,099.0781,020.9921
060,098.4140,020.9179
060,097.8906,020.9257
060,097.5078,020.9257
060,096.9179,020.9101
060,096.2890,020.8945
060,096.0000,020.9257
060,095.2578,020.9023
060,094.9804,020.9335
060,094.5000,020.9179
060,094.5117,020.9335
060,094.1640,021.0781
060,093.8398,020.9765
060,093.1992,021.0546
060,092.0156,021.0625
060,091.3203,021.1171
060,090.1640,021.1757
060,089.2773,021.2148
060,088.4843,021.1835
060,087.9765,021.1523
060,087.3437,021.1210
060,086.9570,021.1445
060,086.6640,021.1757
060,086.3398,021.1367
060,086.0195,021.1992
060,085.8281,021.2148
060,085.2187,021.2304
060,084.5468,021.2539
060,083.8476,021.2773
060,083.3007,021.2539
060,082.8320,021.2773
060,082.3085,021.2851
060,081.7617,021.2851
060,081.0000,021.2695
060,080.3515,021.2851
060,079.9023,021.2851
060,079.1953,021.2851
060,079.0312,021.2851
060,078.4257,021.2851
060,078.0234,021.2851
060,077.9062,021.2851
060,077.7187,021.2851
060,077.5976,021.2851
060,077.4843,021.2851
060,077.2539,021.2851
060,076.9414,021.2851
060,076.2890,021.2851
060,075.8007,021.2851
060,075.1250,021.2851
060,074.4296,021.2851
060,074.1289,021.2851
060,073.9140,021.2851
060,073.6992,021.2851
060,073.4609,021.2851
060,073.0898,021.2851
060,072.5351,021.2851
060,072.1757,021.2851
060,071.8398,021.2851
060,071.2929,021.2851
060,070.9023,021.2851
060,070.5937,021.2851
060,070.1640,021.2851
060,070.2695,021.2851
060,070.1210,021.2851
060,069.7031,021.2851
060,069.5156,021.2851
060,069.1757,021.2851
060,068.9492,021.2851
060,068.7500,021.2851
060,068.3281,021.2851
060,068.0312,021.2851
060,068.1484,021.2851
060,067.8320,021.2851
060,067.4492,021.2851
060,067.4570,021.2851
060,067.4257,021.2851
060,067.1132,021.2851
060,066.6953,021.2851
060,066.5507,021.2851
060,066.2421,021.2851
060,066.0937,021.2851
060,065.8945,021.2851
060,065.5820,021.2851
060,065.5859,021.2851
060,065.3242,021.2851
060,065.3398,021.2851
060,065.4062,021.2851
060,065.0273,021.2851
060,064.7695,021.2851
060,064.7421,021.2851
060,064.3476,021.2851
060,063.8984,021.2851
060,063.5000,021.2851
060,063.0351,021.2851
060,063.1445,021.2851
060,063.0000,021.2851
060,062.7343,021.2851
060,062.2968,021.2851
060,061.8593,021.2851
060,061.5273,021.2851
060,061.2500,021.2851
060,061.1835,021.2851
060,060.8789,021.2773
060,060.8203,021.2773
060,060.6640,021.2851
060,060.4609,021.2851
060,060.4648,021.2851
060,060.3007,021.2851
060,060.0351,021.2851
060,060.0273,021.2851
060,058.5585,021.2695
060,058.4882,021.2773
060,058.2343,021.2851
060,057.9531,021.2773
060,057.6484,021.2773
060,057.1835,021.2695
060,057.2421,021.2695
060,057.0312,021.2695
060,056.6875,021.2695
060,056.3437,021.2695
060,055.4843,021.2304
060,054.8398,021.2617
060,054.3945,021.2617
060,054.0585,021.2695
060,053.4570,021.2695
060,053.1445,021.2460
060,052.9335,021.2617
060,052.5351,021.1835
060,052.1992,021.1367
060,051.9882,021.1289
060,051.6796,021.0703
060,051.2812,021.0625
060,050.9804,021.0937
060,050.7109,021.1210
060,050.1835,021.1757
060,049.7695,021.1523
060,049.2343,021.1679
060,048.6757,021.1093
060,048.1171,021.0937
060,047.7148,021.1289
060,047.6718,021.1093
060,047.4492,021.0937
060,047.4023,021.1289
060,047.3710,021.0937
060,047.1054,021.1171
060,047.0390,021.1015
060,046.4726,021.0625
060,046.0742,020.9687
060,045.7617,020.9414
060,045.6875,020.8945
060,045.5781,020.8945
060,045.4179,020.8632
060,045.1210,020.8085
060,045.1054,020.8320
060,045.0195,020.8398
060,044.7617,020.8242
060,044.6367,020.7968
060,044.5312,020.8242
060,044.3789,020.8007
060,044.1484,020.8164
060,043.8750,020.8085
060,043.6015,020.8007
060,043.4140,020.8164
060,043.2890,020.8007
060,043.0820,020.8398
060,042.7851,020.8164
060,042.6523,020.8632
060,042.3203,020.8554
060,041.9882,020.8710
060,041.8164,020.8710
060,041.5859,020.8632
060,041.3867,020.9257
060,041.2460,020.9335
060,040.8437,020.9335
060,040.8164,021.0156
060,040.3476,021.0468
060,040.1015,020.9414
060,040.1250,020.9687
060,040.1601,021.0078
060,039.9843,020.9921
060,039.8476,020.9843
060,039.7460,021.0000
060,03